duda
20
40
60
80
100
120
140
1495
morawiecki
20
40
60
80
100
120
140
1495
szydło
20
40
60
80
100
120
140
1495
kaczyński
20
40
60
80
100
120
140
1495
kwaśniewski
20
40
60
80
100
120
140
1495
lewica
20
40
60
80
100
120
140
1495
prawica
20
40
60
80
100
120
140
1495
lgbt
20
40
60
80
100
120
140
1495
unia+europejska
20
40
60
80
100
120
140
1495
rosja
20
40
60
80
100
120
140
1495
stany
20
40
60
80
100
120
140
1495
premier
20
40
60
80
100
120
140
1495
prezydent
20
40
60
80
100
120
140
1495
opozycja
20
40
60
80
100
120
140
1495
rząd
20
40
60
80
100
120
140
1495
sejm
20
40
60
80
100
120
140
1495
polska
20
40
60
80
100
120
140
1495
putin
20
40
60
80
100
120
140
1495
trump
20
40
60
80
100
120
140
1495
ukraina
20
40
60
80
100
120
140
1495
media
20
40
60
80
100
120
140
1495
bank
20
40
60
80
100
120
140
1495
polska
20
40
60
80
100
120
140
1495
niemcy
20
40
60
80
100
120
140
1495
papież
20
40
60
80
100
120
140
1495
kościół
20
40
60
80
100
120
140
1495
korwin
20
40
60
80
100
120
140
1495
rydzyk
20
40
60
80
100
120
140
1495
feminizm
20
40
60
80
100
120
140
1495
leszek+miller
20
40
60
80
100
120
140
1495
